
DRAFT (MLD.)	DRAFT (B.O.K)	DIS. (S.W)	DIS. (F.W)	VOL. (MLD)	L.C.F.	L.C.B.	V.C.B.	T.P.C.	M.T.C.	K.M.T	Cb	Cp	Cw	Cm	W.P.A.	W.S.A.
2.000	2.017	8072.6	7875.7	7822.9	6.949	7.637	1.042	43.3	390.40	40.002	.7140	.7336	.7723	.9733	4231.0	4529.1
2.050	2.067	8284.9	8082.8	8030.3	6.911	7.626	1.056	43.4	392.46	39.205	.7150	.7342	.7745	.9739	4243.0	4551.4
2.100	2.117	8505.3	8297.8	8245.8	6.898	7.601	1.093	43.5	394.50	38.364	.7167	.7355	.7759	.9745	4250.7	4572.2
2.150	2.167	8725.9	8513.1	8461.5	6.884	7.576	1.129	43.6	396.54	37.564	.7184	.7367	.7773	.9751	4258.3	4592.9
2.200	2.217	8946.5	8728.3	8677.3	6.871	7.553	1.163	43.7	398.59	36.803	.7200	.7379	.7787	.9757	4265.8	4613.7
2.250	2.267	9167.1	8943.5	8893.0	6.858	7.531	1.195	43.7	400.63	36.078	.7215	.7390	.7800	.9762	4273.4	4634.4
2.300	2.317	9387.6	9158.7	9108.8	6.845	7.510	1.226	43.8	402.67	35.388	.7229	.7401	.7814	.9767	4281.0	4655.2
2.350	2.367	9608.2	9373.9	9324.5	6.832	7.491	1.255	43.9	404.71	34.729	.7243	.7412	.7828	.9772	4288.6	4675.9
2.400	2.417	9828.8	9589.1	9540.3	6.819	7.471	1.283	44.0	406.75	34.100	.7256	.7422	.7842	.9777	4296.1	4696.7
2.450	2.467	10049.4	9804.3	9756.0	6.806	7.453	1.310	44.1	408.79	33.499	.7269	.7431	.7856	.9781	4303.7	4717.5
2.500	2.517	10270.0	10019.5	9971.7	6.793	7.436	1.335	44.2	410.83	32.923	.7281	.7440	.7870	.9786	4311.3	4738.2
2.550	2.567	10490.6	10234.7	10187.5	6.781	7.419	1.360	44.3	412.87	32.372	.7292	.7449	.7883	.9790	4318.8	4759.0
2.600	2.617	10711.2	10449.9	10403.2	6.768	7.403	1.383	44.4	414.91	31.843	.7304	.7457	.7897	.9794	4326.4	4779.7
2.650	2.667	10931.8	10665.2	10619.0	6.755	7.388	1.406	44.4	416.95	31.336	.7314	.7465	.7911	.9798	4334.0	4800.5
2.700	2.717	11152.4	10880.4	10834.7	6.743	7.373	1.428	44.5	418.99	30.849	.7325	.7473	.7925	.9802	4341.5	4821.2
2.750	2.767	11373.0	11095.6	11050.5	6.730	7.359	1.449	44.6	421.03	30.380	.7335	.7481	.7939	.9805	4349.1	4842.0
2.800	2.817	11593.6	11310.8	11266.2	6.718	7.345	1.469	44.7	423.07	29.930	.7345	.7488	.7952	.9809	4356.7	4862.7
2.850	2.867	11814.1	11526.0	11481.9	6.693	7.332	1.507	44.8	425.12	29.496	.7354	.7501	.7966	.9815	4364.3	4883.5
2.900	2.917	12034.7	11741.2	11697.7	6.705	7.319	1.488	44.9	427.16	29.078	.7363	.7495	.7980	.9812	4371.8	4904.2
2.950	2.967	12255.5	11956.6	11913.6	6.680	7.307	1.525	45.0	429.18	28.675	.7372	.7508	.7994	.9818	4379.4	4925.0
3.000	3.017	12483.2	12178.7	12135.3	6.641	7.289	1.592	45.0	430.59	28.278	.7384	.7518	.8005	.9822	4385.3	4945.1
3.050	3.067	12710.9	12400.9	12357.0	6.602	7.273	1.592	45.1	432.00	27.895	.7395	.7528	.8016	.9824	4391.3	4965.3
3.100	3.117	12938.6	12623.0	12578.8	6.563	7.256	1.624	45.2	433.41	27.526	.7407	.7537	.8026	.9827	4397.2	4985
3.150	3.167	13166.2	12845.1	12800.5	6.525	7.241	1.655	45.2	434.82	27.169	.7418	.7546	.8037	.9830	4403.2	5005
3.200	3.217	13393.9	13067.2	13022.3	6.486	7.225	1.684	45.3	436.24	26.825	.7428	.7555	.8048	.9833	4409.1	5025
3.250	3.267	13621.6	13289.4	13244.0	6.448	7.211	1.713	45.3	437.65	26.492	.7438	.7563	.8059	.9835	4415.1	5046
3.300	3.317	13849.3	13511.5	13465.8	6.410	7.197	1.741	45.4	439.06	26.170	.7448	.7571	.8070	.9838	4421.0	5066
3.350	3.367	14076.9	13733.6	13687.5	6.372	7.183	1.767	45.5	440.47	25.859	.7458	.7579	.8081	.9840	4426.9	5086
3.400	3.417	14304.6	13955.7	13909.2	6.334	7.170	1.793	45.5	441.88	25.557	.7467	.7587	.8092	.9843	4432.9	5106
3.450	3.467	14532.3	14177.9	14131.0	6.296	7.157	1.819	45.6	443.29	25.265	.7477	.7594	.8102	.9845	4438.8	5126
3.500	3.517	14760.0	14400.0	14352.7	6.258	7.144	1.843	45.6	444.70	24.981	.7485	.7602	.8113	.9847	4444.8	5146
3.550	3.567	14987.7	14622.1	14574.5	6.220	7.132	1.867	45.7	446.11	24.707	.7494	.7609	.8124	.9849	4450.7	5167
3.600	3.617	15215.3	14844.2	14796.2	6.182	7.121	1.890	45.8	447.52	24.441	.7502	.7616	.8135	.9851	4456.7	5187
3.650	3.667	15443.0	15066.4	15017.9	6.145	7.109	1.912	45.8	448.93	24.182	.7510	.7622	.8146	.9853	4462.6	5207
3.700	3.717	15670.7	15288.5	15239.7	6.107	7.098	1.933	45.9	450.34	23.931	.7518	.7629	.8157	.9855	4468.6	5227
3.750	3.767	15898.4	15510.6	15461.4	6.070	7.088	1.954	45.9	451.76	23.687	.7526	.7635	.8168	.9857	4474.5	5247
3.800	3.817	16126.1	15732.7	15683.2	6.033	7.077	1.975	46.0	453.17	23.450	.7533	.7641	.8178	.9859	4480.5	5267
3.850	3.867	16354.1	15955.2	15905.3	5.994	7.066	1.996	46.1	454.57	23.220	.7541	.7647	.8189	.9861	4486.4	5288
3.900	3.917	16586.7	16182.1	16131.8	5.943	7.045	2.028	46.1	455.87	22.992	.7550	.7655	.8198	.9863	4491.3	5307
3.950	3.967	16819.2	16409.0	16358.2	5.891	7.025	2.119	46.2	457.16	22.771	.7559	.7663	.8207	.9864	4496.2	5327
4.000	4.017	17051.7	16635.8	16584.7	5.788	7.006	2.090	46.2	458.46	22.556	.7568	.7671	.8216	.9866	4501.1	5347
4.050	4.067	17284.3	16862.7	16811.2	5.839	6.986	2.148	46.3	459.75	22.346	.7577	.7678	.8225	.9868	4506.1	5367
4.100	4.117	17516.8	17089.6	17037.7	5.736	6.968	2.148	46.3	461.05	22.142	.7585	.7686	.8234	.9869	4511.0	5386
4.150	4.167	17749.4	17316.5	17264.2	5.685	6.950	2.176	46.4	462.35	21.944	.7594	.7693	.8243	.9871	4515.9	5406
4.200	4.217	17981.9	17543.3	17490.7	5.634	6.932	2.204	46.4	463.64	21.750	.7602	.7700	.8252	.9873	4520.8	5426
4.250	4.267	18214.5	17770.2	17717.2	5.583	6.915	2.231	46.5	464.94	21.562	.7609	.7707	.8261	.9874	4525.8	5446
4.300	4.317	18447.0	17997.1	17943.7	5.532	6.898	2.257	46.5	466.24	21.378	.7617	.7713	.8270	.9875	4530.7	5465
4.350	4.367	18679.6	18224.0	18170.2	5.481	6.882	2.282	46.6	467.53	21.199	.7625	.7720	.8279	.9877	4535.6	5485
4.400	4.417	18912.1	18450.8	18396.7	5.430	6.866	2.307	46.6	468.83	21.024	.7632	.7726	.8288	.9878	4540.6	5505
4.450	4.467	19144.7	18677.7	18623.2	5.380	6.850	2.331	46.7	470.13	20.854	.7639	.7732	.8297	.9880	4545.5	5525
4.500	4.517	19377.2	18904.6	18849.7	5.329	6.835	2.355	46.7	471.42	20.688	.7646	.7738	.8306	.9881	4550.4	5544
4.550	4.567	19609.7	19131.5	19076.2	5.279	6.820	2.378	46.8	472.72	20.525	.7653	.7744	.8315	.9882	4555.3	5564
4.600	4.617	19842.3	19358.3	19302.7	5.229	6.806	2.400	46.8	474.02	20.367	.7660	.7750	.8324	.9884	4560.3	5584
4.650	4.667	20074.8	19585.2	19529.2	5.178	6.791	2.422	46.9	475.31	20.212	.7666	.7755	.8333	.9885	4565.2	5604
4.700	4.717	20307.4	19812.1	19755.7	5.128	6.778	2.444	46.9	476.61	20.060	.7673	.7761	.8342	.9886	4570.1	5624
4.750	4.767	20540.5	20039.5	19982.7	5.076	6.763	2.466	47.0	477.90	19.913	.7679	.7767	.8351	.9887	4575.0	5643
4.800	4.817	20777.3	20270.6	20213.4	5.009	6.737	2.497	47.0	479.15	19.770	.7687	.7773	.8359	.9888	4579.4	5663
4.850	4.867	21014.2	20501.6	20444.1	4.942	6.712	2.527	47.1	480.41	19.631	.7694	.7780	.8367	.9890	4583.8	5683
4.900	4.917	21251.0	20732.7	20674.8	4.875	6.688	2.557	47.1	481.66	19.495	.7702	.7787	.8375	.9891	4588.2	5703
4.950	4.967	21487.9	20963.8	20905.5	4.808	6.664	2.586	47.2	482.91	19.362	.7709	.7793	.8383	.9892	4592.6	5723
5.000	5.017	21724.7	21194.9	21136.2	4.741	6.640	2.615	47.2	484.16	19.232	.7716	.7800	.8391	.9893	4597.0	5742
5.050	5.067	21961.6	21425.9	21366.9	4.674	6.618	2.642	47.2	485.41	19.105	.7723	.7806	.8399	.9894	4601.5	5762
5.100	5.117	22198.5	21657.0	21597.6	4.608	6.595	2.670	47.3	486.66	18.981	.7730	.7812	.8407	.9895	4605.9	5782
5.150	5.167	22435.3	21888.1	21828.3	4.541	6.573	2.696	47.3	487.92	18.859	.7737	.7818	.8415	.9896	4610.3	5802
5.200	5.217	22672.2	22119.2	22059.0	4.475	6.552	2.722	47.4	489.17	18.739	.7743	.7824	.8423	.9897	4614.7	5822
5.250	5.267	22909.0	22350.3	22289.7	4.409	6.531	2.748	47.4	490.42	18.622	.7750	.7830	.8431	.9898	4619.1	5841
5.300	5.317	23145.9	22581.3	22520.4	4.343	6.510	2.773	47.5	491.67	18.508	.7756	.7835	.8440	.9899	4623.5	5861
5.350	5.367	23382.7	22812.4	22751.1	4.277	6.490	2.797	47.5	492.92	18.396	.7762	.7841	.8448	.9900	4627.9	5881
5.400	5.417	23619.6	23043.5	22981.8	4.211	6.471	2.821	47.6	494.18	18.286	.7768	.7846	.8456	.9901	4632.3	5901
5.450	5.467	23856.4	23274.6	23212.5	4.145	6.451	2.845	47.6	495.43	18.178	.7774	.7852	.8464	.9902	4636.7	5921
5.500	5.517	24093.3	23505.7	23443.2	4.080	6.432	2.868	47.7	496.68	18.072	.7780	.7857	.8472	.9903	4641.2	5940
5.550	5.567	24330.1	23736.7	23673.8	4.015	6.414	2.891	47.7	497.9	17.969	.7786	.7862	.8480	.9904	4645.6	5960
5.600	5.617	24567.0	23967.8	23904.6	3.949	6.396	2.913	47.7	499.2	17.867	.7792	.7867	.8488	.9904	4650.0	5980
5.650	5.667	24804.5	24199.5	24135.9	3.882	6.375	2.936	47.8	500.4	17.768	.7798	.7872	.8496	.9905	4654.3	6000
5.700	5.717	25045.2	24434.4	24370.4	3.802	6.345	2.967	47.8	501.5	17.674	.7804	.7878	.8502	.9906	4658.0	6020
5.750	5.767	25285.9	24669.2	24604.8	3.723	6.315	2.996	47.9	502.6	17.581	.7811	.7884	.8509	.9907	4661.6	6040
5.800	5.817	25526.6	24904.0	24839.2	3.644	6.286	3.026	47.9	503.7	17.489	.7817	.7890	.8516	.9908	4665.3	6060
5.850	5.867	25767.3	25138.8	25073.6	3.566	6.257	3.054	47.9	504.7	17.400	.7824	.7896	.8523	.9908	4669.0	6080
5.900	5.917	26008.0	25373.6	25308.1	3.487	6.229	3.082	48.0	505.8	17.312	.7830	.7902	.8529	.9909	4672.7	6100
5.950	5.967	26248.6	25608.4	25542.5	3.408	6.201	3.110	48.0	506.9	17.226	.7836	.7907	.8536	.9910	4676.4	6120
6.000	6.017	26489.3	25843.2	25776.9	3.330	6.174	3.137	48.1	508.0	17.141	.7842	.7913	.8543	.9911	4680.1	6140
6.050	6.067	26730.0	26078.1	26011.4	3.252	6.147	3.164	48.1	509.1	17.058	.7848	.7918	.8550	.9911	4683.8	6160
6.100	6.117	26970.7	26312.9	26245.8	3.174	6.121	3.190	48.1	510.2	16.977	.7854	.7923	.8556	.9912	4687.5	6180
6.150	6.167	27211.4	26547.7	26480.2	3.095	6.095	3.215	48.2	511.3	16.896	.7859	.7928	.8563	.9913	4691.2	6200
6.200	6.217	27452.1	26782.5	26714.6	3.018	6.070	3.241	48.2	512.3	16.818	.7865	.7934	.8570	.9914	4694.9	6220
6.250	6.267	27692.7	27017.3	26949.1	2.940	6.045	3.265	48.2	513.4	16.740	.7871	.7939	.8577	.9914	4698.6	6240
6.300	6.317	27933.4	27252.1	27183.5	2.862	6.020	3.290	48.3	514.5	16.664	.7876	.7944	.8583	.9915	4702.2	6260
6.350	6.367	28174.1	27486.9	27417.9	2.784	5.996	3.314	48.3	515.6	16.589	.7881	.7948	.8590	.9916	4705.9	6280
6.400	6.417	28414.8	27721.7	27652.4	2.707	5.973	3.337	48.4	516.7	16.516	.7887	.7953	.8597	.9916	4709.6	6300
6.450	6.467	28655.5	27956.6	27886.8	2.630	5.949	3.360	48.4	517.8	16.444	.7892	.7958	.8603	.9917	4713.3	6320
6.500	6.517	28896.2	28191.4	28121.2	2.553	5.926	3.383	48.4	518.9	16.373	.7897	.7963	.8610	.9918	4717.0	6340
6.550	6.567	29137.5	28426.9	28356.3	2.471	5.901	3.407	48.5	519.9	16.304	.7902	.7967	.8617	.9918	4720.5	6361
6.600	6.617	29381.3	28664.7	28593.8	2.374	5.866	3.437	48.5	520.8	16.239	.7908	.7973	.8622	.9919	4723.5	6381
6.650	6.667	29625.1	28902.5	28831.2	2.276	5.831	3.466	48.6	521.6	16.175	.7914	.7978	.8628	.9919	4726.5	6402
6.700	6.717	29868.8	29140.3	29068.6	2.179	5.797	3.495	48.6	522.5	16.113	.7919	.7983	.8633	.9920	4729.5	6423
6.750	6.767	30112.6	29378.2	29306.1	2.083	5.763	3.523	48.5	523.4	16.051	.7925	.7988	.8639	.9921	4732.6	6444
6.800	6.817	30356.4	29616.0	29543.5	1.986	5.730	3.551	48.6	524.2	15.991	.7930	.7993	.8644	.9921	4735.6	6465
6.850	6.867	30600.2	29853.8	29780.9	1.889	5.698	3.578	48.7	525.1	15.931	.7936	.7998	.8650	.9922	4738.6	6485
6.900	6.917	30843.9	30091.6	30018.4	1.793	5.666	3.605	48.7	526.0	15.872	.7941	.8003	.8655	.9922	4741.6	6506
6.950	6.967	31087.7	30329.4	30255.8	1.696	5.634	3.632	48.7	526.8	15.814	.7946	.8008	.8660	.9923	4744.6	6527
7.000	7.017	31331.4	30567.3	30493.2	1.600	5.603	3.658	48.7	527.7	15.758	.7952	.8013	.8666	.9924	4747.6	6548
7.050	7.067	31575.2	30805.1	30730.6	1.504	5.573	3.684	48.8	528.6	15.702	.7957	.8018	.8671	.9924	4750.6	6569
7.100	7.117	31819.0	31042.9	30968.1	1.408	5.543	3.709	48.8	529.4	15.646	.7962	.8022	.8677	.9925	4753.6	6590
7.150	7.167	32062.8	31280.7	31205.5	1.312	5.513	3.734	48.8	530.3	15.592	.7967	.8027	.8682	.9925	4756.6	6610
7.200	7.217	32306.5	31518.6	31442.9	1.216	5.484	3.758	48.9	531.2	15.539	.7971	.8031	.8688	.9926	4759.6	6631
7.250	7.267	32550.3	31756.4	31680.4	1.121	5.455	3.783	48.9	532.0	15.486	.7976	.8036	.8693	.9926	4762.6	6652
7.300	7.317	32794.1	31994.2	31917.8	1.025	5.427	3.806	48.9	532.9	15.434	.7981	.8040	.8699	.9927	4765.6	6673
7.350	7.367	33037.8	32232.0	32155.2	.930	5.399	3.830	49.0	533.8	15.383	.7986	.8044	.8704	.9928	4768.6	6694
7.400	7.417	33281.6	32469.8	32392.7	.835	5.371	3.853	49.0	534.7	15.333	.7990	.8048	.8710	.9928	4771.6	6714
7.450	7.467	33526.1	32708.4	32630.8	.734	5.340	3.878	49.1	535.6	15.284	.7995	.8053	.8716	.9929	4774.8	6736
7.500	7.517	33772.5	32948.8	32870.9	.620	5.300	3.907	49.0	536.7	15.241	.8000	.8058	.8722	.9929	4778.5	6758
7.550	7.567	34018.8	33189.1	33110.9	.506	5.260	3.936	49.1	537.8	15.197	.8005	.8062	.8729	.9930	4782.1	6780
7.600	7.617	34265.2	33429.5	33350.9	.392	5.220	3.964	49.1	538.9	15.155	.8010	.8067	.8736	.9930	4785.8	6802
7.650	7.667	34511.6	33669.8	33591.0	.279	5.181	3.992	49.2	540.0	15.113	.8015	.8072	.8742	.9930	4789.5	6824
7.700	7.717	34758.0	33910.2	33831.0	.165	5.143	4.020	49.2	541.1	15.071	.8020	.8076	.8749	.9930	4793.2	6846
7.750	7.767	35004.3	34150.6	34071.1	.052	5.105	4.047	49.2	542.2	15.031	.8025	.8081	.8756	.9931	4796.8	6869
7.800	7.817	35250.7	34390.9	34311.1	-.061	5.068	4.074	49.3	543.3	14.990	.8029	.8085	.8763	.9931	4800.5	6891
7.850	7.867	35497.1	34631.3	34551.2	-.174	5.031	4.100	49.3	544.4	14.951	.8034	.8089	.8769	.9932	4804.2	6913
7.900	7.917	35743.5	34871.7	34791.2	-.287	4.995	4.126	49.4	545.5	14.911	.8039	.8094	.8776	.9932	4807.9	6935
7.950	7.967	35989.8	35112.0	35031.2	-.399	4.959	4.152	49.4	546.6	14.873	.8043	.8098	.8783	.9933	4811.5	6957
8.000	8.017	36236.2	35352.4	35271.3	-.512	4.924	4.177	49.4	547.7	14.835	.8048	.8102	.8789	.9933	4815.2	6979
8.050	8.067	36482.6	35592.8	35511.3	-.624	4.889	4.203	49.5	548.8	14.797	.8052	.8106	.8796	.9934	4818.9	7001
8.100	8.117	36729.0	35833.1	35751.4	-.736	4.855	4.227	49.5	549.9	14.760	.8057	.8110	.8803	.9934	4822.5	7024
8.150	8.167	36975.3	36073.5	35991.4	-.848	4.821	4.252	49.5	551.0	14.724	.8061	.8114	.8810	.9935	4826.2	7046
8.200	8.217	37221.7	36313.9	36231.4	-.959	4.787	4.276	49.6	552.1	14.687	.8065	.8118	.8816	.9935	4829.9	7068
8.250	8.267	37468.1	36554.2	36471.5	-1.071	4.754	4.299	49.6	553.2	14.652	.8069	.8122	.8823	.9935	4833.6	7090
8.300	8.317	37714.5	36794.6	36711.5	-1.182	4.722	4.323	49.6	554.3	14.617	.8074	.8126	.8830	.9935	4837.2	7112
8.350	8.367	37962.4	37036.5	36953.1	-1.292	4.685	4.348	49.7	555.7	14.583	.8078	.8130	.8838	.9936	4841.6	7134
8.400	8.417	38213.4	37281.4	37197.8	-1.400	4.639	4.377	49.7	557.8	14.553	.8083	.8135	.8848	.9936	4847.2	7157
8.450	8.467	38464.5	37526.3	37442.4	-1.507	4.594	4.406	49.8	559.8	14.524	.8088	.8140	.8858	.9937	4852.8	7179
8.500	8.517	38715.6	37771.3	37687.0	-1.613	4.549	4.434	49.9	561.9	14.495	.8093	.8144	.8868	.9937	4858.5	7201
8.550	8.567	38966.6	38016.2	37931.7	-1.720	4.505	4.462	49.9	563.9	14.466	.8098	.8149	.8879	.9938	4864.1	7224
8.600	8.617	39217.7	38261.1	38176.3	-1.826	4.462	4.490	50.0	566.0	14.437	.8103	.8154	.8889	.9937	4869.8	7246
8.650	8.667	39468.7	38506.1	38421.0	-1.932	4.419	4.517	50.0	568.0	14.409	.8108	.8158	.8899	.9938	4875.4	7268
8.700	8.717	39719.8	38751.0	38665.6	-2.038	4.376	4.544	50.1	570.1	14.381	.8112	.8163	.8910	.9938	4881.0	7291
8.750	8.767	39970.8	38995.9	38910.2	-2.143	4.334	4.571	50.1	572.2	14.354	.8117	.8167	.8920	.9939	4886.7	7313
8.800	8.817	40221.9	39240.9	39154.9	-2.248	4.293	4.597	50.2	574.2	14.327	.8122	.8171	.8930	.9939	4892.3	7335
8.850	8.867	40473.0	39485.8	39399.5	-2.353	4.252	4.623	50.3	576.3	14.300	.8126	.8176	.8940	.9940	4897.9	7358
8.900	8.917	40724.0	39730.7	39644.2	-2.458	4.212	4.649	50.3	578.3	14.274	.8131	.8180	.8951	.9939	4903.6	7380
8.950	8.967	40975.1	39975.7	39888.8	-2.563	4.172	4.674	50.4	580.4	14.248	.8135	.8184	.8961	.9940	4909.2	7402
9.000	9.017	41226.1	40220.6	40133.5	-2.667	4.133	4.699	50.4	582.4	14.222	.8140	.8188	.8971	.9941	4914.8	7425
9.050	9.067	41477.2	40465.5	40378.1	-2.771	4.094	4.724	50.5	584.5	14.196	.8144	.8193	.8982	.9941	4920	7447
9.100	9.117	41728.2	40710.5	40622.8	-2.875	4.055	4.748	50.5	586.5	14.171	.8148	.8197	.8992	.9941	4926	7469
9.150	9.167	41979.3	40955.4	40867.4	-2.978	4.017	4.773	50.6	588.6	14.146	.8153	.8201	.9002	.9941	4931	7492
9.200	9.217	42230.4	41200.3	41112.0	-3.062	3.980	4.798	50.7	590.7	14.122	.8157	.8205	.9012	.9942	4936	7514
9.250	9.267	42482.9	41446.7	41358.1	-3.150	3.940	4.822	50.7	592.3	14.099	.8161	.8209	.9021	.9942	4941	7535
9.300	9.317	42737.8	41695.4	41605.5	-3.198	3.895	4.851	50.7	593.3	14.078	.8166	.8214	.9026	.9942	4944	7554
9.350	9.367	42992.6	41944.0	41854.9	-3.237	3.851	4.880	50.8	594.2	14.057	.8171	.8218	.9031	.9943	4947	7574
9.400	9.417	43247.5	42192.1	42103.4	-3.275	3.807	4.908	50.8	595.2	14.036	.8176	.8223	.9035	.9943	4950	7593
9.450	9.467	43502.4	42441.3	42351.8	-3.313	3.764	4.936	50.8	596.1	14.016	.8181	.8227	.9040	.9943	4952	7612
9.500	9.517	43757.3	42690.0	42600.2	-3.352	3.722	4.964	50.8	597.1	13.996	.8185	.8232	.9045	.9944	4955	7631
9.550	9.567	44012.1	42938.1	42848.6	-3.390	3.679	4.991	50.9	598.0	13.976	.8190	.8236	.9050	.9944	4958	7650
9.600	9.617	44267.0	43186.3	43097.0	-3.428	3.638	5.018	50.9	599.0	13.957	.8194	.8240	.9055	.9944	4960	7670
9.650	9.667	44521.9	43435.0	43345.4	-3.466	3.597	5.045	50.9	599.9	13.937	.8199	.8245	.9060	.9945	4963	7689
9.700	9.717	44776.8	43684.7	43593.8	-3.504	3.556	5.071	51.0	600.9	13.918	.8204	.8249	.9065	.9945	4966	7708
9.750	9.767	45031.6	43933.3	43842.2	-3.542	3.516	5.097	51.0	601.8	13.899	.8208	.8253	.9070	.9945	4968	7727
9.800	9.817	45286.5	44182.0	44090.6	-3.580	3.476	5.123	51.0	602.8	13.880	.8212	.8257	.9075	.9945	4971	7746
9.850	9.867	45541.4	44430.6	44339.1	-3.618	3.437	5.148	51.0	603.8	13.862	.8217	.8262	.9080	.9946	4974	7766
9.900	9.917	45796.3	44679.3	44587.5	-3.656	3.398	5.174	51.1	604.7	13.844	.8221	.8266	.9085	.9946	4977	7785
9.950	9.967	46051.2	44928.0	44835.9	-3.694	3.359	5.199	51.1	605.7	13.826	.8225	.8270	.9090	.9946	4979	7804
10.000	10.017	46306.0	45176.6	45084.3	-3.731	3.321	5.223	51.2	606.5	13.808	.8229	.8274	.9095	.9946	4982	7823
10.050	10.067	46560.9	45425.3	45332.7	-3.769	3.284	5.248	51.2	607.6	13.790	.8234	.8278	.9100	.9947	4985	7842
10.100	10.117	46815.8	45673.9	45581.1	-3.808	3.246	5.272	51.2	608.5	13.772	.8238	.8282	.9105	.9947	4988	7862
10.150	10.167	47071.5	45923.4	45830.4	-3.832	3.209	5.298	51.2	609.4	13.756	.8242	.8286	.9109	.9947	4990	7881
10.200	10.217	47328.3	46174.0	46080.7	-3.845	3.170	5.326	51.2	610.0	13.743	.8246	.8290	.9112	.9948	4992	7899
10.250	10.267	47585.2	46424.6	46331.0	-3.850	3.131	5.355	51.2	610.7	13.729	.8251	.8294	.9116	.9948	4993	7917
10.300	10.317	47842.0	46675.7	46581.3	-3.860	3.093	5.383	51.3	611.5	13.715	.8255	.8298	.9119	.9948	4995	7936
10.350	10.367	48098.8	46925.1	46831.7	-3.869	3.056	5.411	51.3	612.1	13.702	.8259	.8302	.9122	.9949	4997	7954
10.400	10.417	48355.7	47176.2	47082.0	-3.878	3.019	5.438	51.3	612.7	13.689	.8264	.8306	.9126	.9949	4999	7972
10.450	10.467	48612.5	47426.8	47332.3	-3.887	2.982	5.465	51.3	613.4	13.676	.8268	.8310	.9129	.9949	5001	7991
10.500	10.517	48869.3	47677.4	47582.6	-3.895	2.946	5.492	51.3	614.1	13.663	.8272	.8314	.9132	.9949	5003	8009
10.550	10.567	49126.1	47927.9	47833.0	-3.905	2.910	5.519	51.3	614.7	13.650	.8276	.8318	.9136	.9949	5004	8028
10.600	10.617	49383.0	48178.5	48083.3	-3.914	2.874	5.545	51.4	615.4	13.637	.8280	.8322	.9139	.9949	5006	8046
10.650	10.667	49639.8	48429.1	48333.6	-3.923	2.839	5.571	51.4	616.1	13.624	.8284	.8326	.9143	.9950	5008	8064
10.700	10.717	49896.6	48679.6	48583.9	-3.932	2.804	5.597	51.4	616.8	13.612	.8288	.8330	.9146	.9950	5010	8083
10.750	10.767	50153.4	48930.2	48834.3	-3.942	2.769	5.622	51.4	617.4	13.600	.8292	.8334	.9149	.9950	5012	8101
10.800	10.817	50410.3	49180.8	49084.6	-3.951	2.735	5.648	51.4	618.1	13.588	.8296	.8337	.9153	.9950	5014	8120
10.850	10.867	50667.1	49431.3	49334.9	-3.960	2.701	5.673	51.5	618.8	13.575	.8300	.8341	.9156	.9951	5016	8138
10.900	10.917	50923.9	49681.9	49585.2	-3.969	2.668	5.697	51.5	619.4	13.563	.8305	.8345	.9159	.9951	5017	8156
10.950	10.967	51180.8	49932.4	49835.6	-3.978	2.635	5.722	51.5	620.1	13.552	.8308	.8348	.9163	.9951	5019	8175
11.000	11.017	51437.6	50183.0	50085.9	-3.987	2.602	5.746	51.5	620.8	13.540	.8311	.8352	.9166	.9951	5021	8193
11.050	11.067	51695.2	50434.3	50337.0	-3.988	2.569	5.772	51.5	621.4	13.530	.8315	.8356	.9169	.9952	5023	8212
11.100	11.117	51953.6	50686.4	50588.1	-3.982	2.537	5.801	51.6	622.0	13.522	.8319	.8359	.9172	.9952	5024	8230
11.150	11.167	52212.0	50938.5	50840.7	-3.975	2.505	5.829	51.6	622.6	13.514	.8323	.8363	.9175	.9952	5026	8248
11.200	11.217	52470.4	51190.6	51092.5	-3.969	2.473	5.856	51.6	623.3	13.507	.8327	.8367	.9178	.9952	5028	8266
11.250	11.267	52728.8	51442.7	51344.4	-3.962	2.442	5.884	51.6	623.9	13.499	.8331	.8371	.9181	.9952	5029	8285
11.300	11.317	52987.2	51694.8	51596.3	-3.956	2.410	5.911	51.6	624.5	13.491	.8335	.8374	.9184	.9953	5031	8303
11.350	11.367	53245.6	51946.9	51848.1	-3.949	2.379	5.938	51.6	625.1	13.484	.8338	.8378	.9187	.9953	5032	8321
11.400	11.417	53504.0	52199.0	52100.0	-3.943	2.349	5.965	51.7	625.7	13.476	.8342	.8382	.9190	.9953	5034	8339
11.450	11.467	53762.4	52451.1	52351.8	-3.936	2.319	5.991	51.7	626.3	13.469	.8346	.8385	.9193	.9953	5036	8358
11.500	11.517	54020.8	52703.2	52603.7	-3.929	2.289	6.018	51.7	626.9	13.462	.8350	.8389	.9196	.9953	5037	8376
11.550	11.567	54279.2	52955.3	52855.5	-3.923	2.259	6.044	51.7	627.5	13.455	.8353	.8392	.9199	.9954	5039	8394
11.600	11.617	54537.6	53207.4	53107.4	-3.916	2.230	6.069	51.7	628.1	13.447	.8357	.8396	.9202	.9954	5040	8413
11.650	11.667	54796.0	53459.5	53359.2	-3.910	2.200	6.095	51.7	628.7	13.440	.8360	.8399	.9205	.9954	5042	8431
11.700	11.717	55054.4	53711.6	53611.1	-3.903	2.172	6.120	51.8	629.3	13.433	.8364	.8402	.9208	.9954	5044	8449
11.750	11.767	55312.8	53963.7	53863.0	-3.897	2.143	6.145	51.8	630.0	13.426	.8368	.8406	.9210	.9954	5045	8467
11.800	11.817	55571.1	54215.8	54114.8	-3.890	2.115	6.170	51.8	630.6	13.419	.8371	.8409	.9213	.9955	5047	8486
11.850	11.867	55829.5	54467.8	54366.7	-3.884	2.086	6.195	51.8	631.2	13.413	.8375	.8413	.9216	.9955	5049	8504
11.900	11.917	56087.9	54719.9	54618.5	-3.877	2.058	6.219	51.8	631.8	13.406	.8378	.8416	.9219	.9955	5050	8522
11.950	11.967	56347.1	54972.4	54871.1	-3.865	2.032	6.245	51.8	632.4	13.401	.8382	.8419	.9222	.9955	5052	8541
12.000	12.017	56606.9	55226.2	55124.4	-3.851	2.005	6.273	51.8	632.9	13.398	.8385	.8423	.9225	.9955	5053	8559
12.050	12.067	56866.7	55479.7	55377.6	-3.835	1.979	6.301	51.9	633.5	13.395	.8389	.8426	.9227	.9956	5055	8577
12.100	12.117	57126.5	55733.2	55630.8	-3.819	1.953	6.329	51.9	634.1	13.393	.8392	.8430	.9230	.9956	5056	8595
12.150	12.167	57386.3	55986.7	55884.1	-3.804	1.927	6.356	51.9	634.7	13.390	.8396	.8433	.9233	.9956	5058	8614
12.200	12.217	57646.1	56240.1	56137.3	-3.788	1.901	6.383	51.9	635.2	13.387	.8399	.8436	.9235	.9956	5059	8632
12.250	12.267	57905.9	56493.6	56390.5	-3.773	1.876	6.410	51.9	635.8	13.384	.8403	.8440	.9238	.9956	5061	8650
12.300	12.317	58165.7	56747.7	56643.8	-3.757	1.851	6.437	51.9	636.4	13.381	.8406	.8443	.9241	.9956	5062	8668
12.350	12.367	58425.5	57000.5	56897.0	-3.742	1.826	6.463	52.0	636.9	13.379	.8409	.8446	.9243	.9957	5063	8687
12.400	12.417	58685.3	57254.0	57150.2	-3.726	1.801	6.489	52.0	637.5	13.376	.8413	.8449	.9246	.9957	5065	8705
12.450	12.467	58945.2	57507.5	57403.4	-3.711	1.777	6.515	52.0	638.1	13.373	.8416	.8453	.9249	.9957	5066	8723
12.500	12.517	59205.0	57760.9	57656.7	-3.695	1.753	6.541	52.0	638.7	13.371	.8419	.8456	.9252	.9957	5068	8742
12.550	12.567	59464.8	58014.4	57909.9	-3.680	1.728	6.566	52.0	639.2	13.368	.8423	.8459	.9254	.9957	5069	8760
12.600	12.617	59724.6	58267.9	58163.1	-3.664	1.705	6.592	52.0	639.8	13.365	.8426	.8462	.9257	.9958	5071	8778
12.650	12.667	59984.4	58521.3	58416.4	-3.649	1.681	6.617	52.0	640.4	13.363	.8429	.8465	.9260	.9958	5072	8796
12.700	12.717	60244.2	58774.8	58669.6	-3.633	1.658	6.642	52.1	640.9	13.360	.8432	.8468	.9262	.9958	5074	8815
12.750	12.767	60504.0	59028.3	58922.8	-3.618	1.634	6.666	52.1	641.5	13.358	.8436	.8471	.9265	.9958	5075	8833
12.800	12.817	60763.8	59281.8	59176.1	-3.603	1.611	6.691	52.1	642.1	13.355	.8439	.8474	.9268	.9958	5077	8851
12.850	12.867	61024.4	59535.0	59430.1	-3.589	1.589	6.715	52.1	642.7	13.355	.8442	.8477	.9270	.9958	5078	8869
12.900	12.917	61285.5	59790.2	59684.6	-3.562	1.568	6.745	52.1	643.2	13.356	.8445	.8481	.9273	.9958	5080	8888
12.950	12.967	61545.6	60045.5	59939.1	-3.541	1.547	6.773	52.1	643.7	13.357	.8449	.8484	.9275	.9959	5081	8906
13.000	13.017	61807.8	60300.3	60193.6	-3.519	1.526	6.800	52.1	644.3	13.359	.8452	.8487	.9278	.9959	5082	8924
13.050	13.067	62068.9	60555.0	60448.1	-3.498	1.505	6.827	52.2	644.8	13.360	.8455	.8490	.9281	.9959	5084	8943
13.100	13.117	62330.0	60809.8	60702.7	-3.477	1.485	6.854	52.2	645.4	13.361	.8458	.8493	.9283	.9959	5085	8961
13.150	13.167	62591.2	61064.5	60957.2	-3.455	1.464	6.881	52.2	645.9	13.362	.8461	.8496	.9286	.9959	5087	8979
13.200	13.217	62852.3	61319.3	61211.7	-3.434	1.444	6.908	52.2	646.5	13.364	.8465	.8499	.9288	.9959	5088	8998
13.250	13.267	63113.4	61574.1	61466.3	-3.413	1.424	6.934	52.2	647.0	13.365	.8468	.8502	.9291	.9960	5089	9016
13.300	13.317	63374.6	61828.8	61720.4	-3.391	1.404	6.960	52.2	647.6	13.366	.8471	.8505	.9293	.9960	5091	9034
13.350	13.367	63635.7	62083.6	61975.3	-3.370	1.384	6.986	52.2	648.1	13.367	.8474	.8508	.9296	.9960	5092	9052
13.400	13.417	63896.8	62338.4	62229.8	-3.349	1.365	7.012	52.3	648.7	13.368	.8477	.8511	.9299	.9960	5094	9071
13.450	13.467	64157.9	62593.1	62484.3	-3.327	1.345	7.037	52.3	649.2	13.369	.8480	.8514	.9301	.9960	5095	9089
13.500	13.517	64419.1	62847.9	62738.9	-3.306	1.326	7.062	52.3	649.8	13.371	.8483	.8517	.9304	.9960	5096	9107
13.550	13.567	64680.2	63102.6	62993.4	-3.285	1.307	7.087	52.3	650.3	13.372	.8486	.8520	.9306	.9960	5098	9126
13.600	13.617	64941.3	63357.4	63247.9	-3.263	1.288	7.112	52.3	650.9	13.373	.8489	.8522	.9309	.9961	5099	9144
13.650	13.667	65202.5	63612.2	63502.4	-3.242	1.269	7.137	52.3	651.4	13.374	.8492	.8525	.9311	.9961	5101	9162
13.700	13.717	65463.6	63866.9	63757.0	-3.220	1.250	7.161	52.3	651.9	13.375	.8495	.8528	.9314	.9961	5102	9181
13.750	13.767	65725.6	64122.5	64012.3	-3.199	1.233	7.188	52.4	652.5	13.379	.8498	.8531	.9316	.9961	5103	9199
13.800	13.817	65988.0	64379.5	64268.1	-3.177	1.216	7.216	52.4	653.0	13.383	.8501	.8534	.9319	.9961	5105	9217
13.850	13.867	66250.4	64634.5	64523.9	-3.155	1.199	7.243	52.4	653.6	13.388	.8504	.8537	.9322	.9961	5106	9235
13.900	13.917	66512.8	64890.6	64779.6	-3.134	1.183	7.271	52.4	654.1	13.393	.8507	.8540	.9324	.9961	5108	9254

